9  0  0  0  0  0  0  0  0  0  0  0  0  0  0  0  0  0  0  0  0  0  0  0  0  0  9  0  0  0  0  0  0  0  0  0  0  0  0  0  0  0  9  -9 -9 99 0  0  0  0  0  0  0  0  0  0  0  0  0  99 0  0  0  0  0  0  0  0  0  0  0  0  0  0  0  0  0  0  0  0  0  0  0  0  0  0  0  0  0  0  0  0  0  0  0  0  0  0  0  99 99 99 99 99 99 99 99 99 99 99 99 99 99 99 99 99 99 99 99 99 99 99 99 99 99 99 99 99 99 99
9  0  0  0  0  0  0  0  0  0  0  0  0  0  0  0  0  0  0  0  0  0  0  0  0  0  9  0  15 0  0  0  0  0  0  0  0  0  0  0  0  0  9  -9 -9 99 0  0  0  0  0  0  0  0  0  0  0  0  0  99 0  0  0  0  0  0  0  0  0  0  0  0  0  0  0  0  0  0  0  0  0  0  0  0  0  0  0  0  0  0  0  0  0  0  0  0  0  0  0  99 0  0  0  0  0  0  0  0  0  0  0  0  0  0  0  0  0  0  0  0  0  0  0  0  0  0  0  0  0  99 
9  0  0  0  0  0  0  0  0  -1 -1 -1 -1 0  0  0  0  -1 -1 -1 0  0  0  0  0  0  9  0  15 -1 0  0  0  0  0  0  0  0  0  0  0  0  9  -9 -9 99 0  0  0  0  0  0  0  0  0  0  0  0  0  99 0  0  0  0  0  0  0  0  0  0  0  0  0  0  0  0  0  0  0  0  0  0  0  0  0  0  0  0  0  0  0  0  0  0  0  0  0  0  0  99 0  0  0  0  0  0  0  0  0  0  0  0  0  0  0  0  0  0  0  0  0  0  0  0  0  0  0  0  0  99
9  11 0  0  0  0  0  0  0  12 13 13 14 0  0  0  12 13 13 13 13 14 0  0  18 0  9  9  9  9  9  0  0  0  0  0  0  0  0  0  0  0  9  -9 -9 99 0  0  0  0  0  0  0  0  0  0  0  0  0  99 0  0  0  0  0  0  0  0  0  0  0  0  0  0  0  0  0  0  0  0  0  0  0  0  0  0  0  0  0  0  0  0  0  0  0  0  0  0  0  99 0  0  -1 -1 -1 -1 -1 0  0  -1 -1 -1 -1 -1 -1 0  0  -1 -1 -1 -1 -1 -1 0  0  0  0  0  0  99
9  10 0  0  0  0  0  18 0  0  0  0  0  0  0  0  0  0  0  0  0  0  0  0  0  0  9  0  0  0  9  0  0  0  0  0  0  0  0  0  0  0  9  -9 -9 99 0  0  0  0  0  0  0  0  0  0  0  0  0  99 -2 0  -1 0  0  0  0  0  0  0  0  0  0  0  0  0  0  0  0  0  0  0  0  0  0  0  0  0  0  0  0  0  0  0  0  0  0  0  0  99 0  0  12 13 13 13 14 0  0  12 13 13 13 13 14 0  0  12 13 13 13 13 14 0  0  0  0  0  0  99
9  12 13 13 13 14 0  0  0  0  0  0  0  0  0  -1 -1 0  0  0  0  0  0  0  0  0  9  0  0  0  9  0  0  0  0  0  0  0  0  -1 0  0  9  -9 -9 99 0  0  0  0  0  0  0  0  -6 0  0  0  0  99 99 0  11 0  0  0  0  0  0  0  0  0  0  0  0  0  0  0  0  0  0  0  0  0  0  0  0  0  0  0  0  0  0  0  0  0  0  0  0  99 0  0  0  0  0  0  0  0  0  0  0  0  0  0  0  0  0  0  0  0  0  0  0  0  0  0  0  0  0  99
9  0  0  0  0  0  0  0  0  0  0  0  0  0  12 13 13 14 0  0  0  0  0  0  0  0  9  0  0  0  9  13 13 13 13 13 14 0  0  18 0  0  9  -9 -9 99 0  0  0  0  0  0  0  1  2  2  2  2  2  99 0  0  10 0  0  0  0  0  0  0  0  0  0  0  0  0  0  0  0  0  0  0  0  0  0  0  0  0  0  0  0  0  0  0  0  0  0  0  0  99 0  0  99  0  0  0  0  0  99 0  0  99 0  0  99 0  0  0  0  99 99 99 0  0 -1 0  0  0  0  99
9  0  0  0  0  0  0  0  0  0  0  0  0  0  0  0  0  0  0  0  0  0  0  0  0  0  9  0  0  0  9  9  0  0  0  0  0  0  0  0  0  0  9  -9 -9 99 0  0  0  0  0  0  0  99 99 99 99 99 99 99 0  0  10 0  0  -1 0  0  0  0  0  0  0  0  0  0  0  0  0  0  0  0  0  0  0  0  0  0  0  0  0  0  0  0  0  0  0  0  0  99 0  0  99 -1 0  0  0  -1 99 0  0  99 0  0  99 0  0  0  0  99 0  99 0  0  18 0  0  0  0  99
9  0  0  0  0  0  0  0  0  0  0  0  0  0  0  0  0  0  0  0  0  -1 -1 0  0  0  9  0  0  0  0  0  0  0  0  0  0  0  0  0  0  0  9  -9 -9 99 0  0  0  0  0  0  0  0  0  0  0  0  0  99 0  0  10 0  0  11 0  0  0  0  0  -1 0  0  0  0  0  0  0  0  0  0  0  0  0  0  0  0  0  0  0  0  0  0  0  0  0  0  0  99 0  0  99 99 0  0  0  99 99 0  0  99 0  0  99 0  0  0  99 99 0  99 99 0  0  0  -1 0  0  99
9  0  0  0  0  0  0  0  0  -1 -1 -1 -1 -1 0  0  0  0  0  0  0  12 14 0  0  0  9  0  0  0  0  0  0  -1 0  0  0  0  -1 0  0  0  9  -9 -9 99 15 0  0  0  0  0  0  0  0  0  0  0  0  99 0  0  10 0  0  10 0  0  0  0  0  11 0  0  0  0  0  0  0  0  0  0  0  0  0  0  0  0  0  0  0  0  0  0  0  0  0  0  0  99 0  0  0  99 -1 0  -1 99 0  0  0  99 99 99 99 0  0  0  99 0  0  0  99 0  0  0  18 0  0  99
9  0  0  0  0  0  0  0  -1 1  2  2  3  -1 -1 0  0  0  0  0  0  0  0  0  0  0  9  0  0  0  0  0  0  18 0  0  0  0  18 0  0  0  9  -9 -9 99 15 -1 -1 0  0  0  0  0  0  0  0  0  0  99 0  0  10 0  0  10 0  0  -1 0  0  10 0  0  0  0  0  0  0  0  0  0  0  0  0  0  0  0  0  0  0  0  0  0  0  0  0  0  0  99 0  0  0  99 99 -1 99 99 0  0  0  99 0  0  99 0  0  99 99 99 99 99 99 99 0  0  0  0  0  99 
9  0  0  0  0  0  -1 -1 -1 16 4  4  4  2  2  3  0  0  0  0  0  0  0  0  0  0  9  0  0  0  -1 0  0  0  0  0  0  0  0  0  0  -1 9  -9 -9 99 13 13 13 13 13 13 13 14 0  -1 0  0  0  99 0  0  10 0  0  10 0  0  11 0  0  10 0  0  0  0  0  0  0  0  0  0  0  0  0  0  0  0  0  0  0  0  0  0  0  0  0  0  0  99 0  0  0  0  99 -1 99 0  0  0  0  99 0  0  99 0  0  99 0  0  0  0  0  99 0  0  0  0  0  99 
9  0  0  0  0  -1 1  2  2  4  4  4  4  4  4  17 0  0  0  0  0  0  0  -1 -1 -1 9  0  0  0  18 0  0  0  0  0  -6 0  0  0  0  12 9  -9 -9 99 99 99 99 99 99 99 99 99 0  18 0  -1 0  99 0  0  10 0  0  10 0  0  10 0  0  10 0  18 0  0  0  0  0  0  0  0  0  0  0  0  0  0  0  0  0  0  0  0  0  0  0  99 99 99 0  0  0  0  99 99 99 0  0  0  0  99 0  0  99 0  0  99 0  0  0  0  0  99 0  0  0  0  -1 99
9  0  0  0  0  -1 16 4  4  4  6  6  6  6  4  17 -1 -1 -1 -1 0  0  0  1  2  2  9  0  0  0  0  0  0  0  0  0  18 0  0  0  0  0  9  -9 -9 99 0  0  0  0  0  0  0  0  0  0  0  18 0  99 0  0  10 0  0  10 0  0  10 0  0  10 0  0  0  0  0  0  0  0  0  0  0  0  0  0  0  0  0  0  0  0  0  0  0  0  0  0  0  0  0  0  0  0  0  0  0  0  0  0  0  0  0  0  0  0  0  0  0  0  0  0  0  0  0  0  0  0  12 99
9  0  0  0  0  -1 16 4  4  17 0  0  -1 -1 16 4  2  2  2  3  0  0  0  16 4  4  9  0  0  0  0  0  -1 0  0  0  0  0  0  -1 0  0  9  -9 -9 99 0  0  0  0  0  0  0  0  0  0  0  0  0  99 0  0  10 0  0  10 0  0  10 0  0  10 0  0  0  0  0  0  0  0  0  0  0  0  0  0  0  0  0  0  0  0  0  0  0  0  0  0  0  0  0  0  0  0  0  0  0  0  0  0  0  0  0  0  0  0  0  0  0  0  0  0  0  0  0  0  0  0  0  99
9  0  0  0  0  -1 16 4  4  17 0  0  -1 -1 16 4  4  4  4  17 0  0  0  16 4  4  9  0  0  0  0  0  18 0  0  0  0  0  0  18 0  0  9  -9 -9 99 0  0  0  0  0  0  0  0  0  0  0  0  0  99 0  0  10 0  0  10 0  0  10 0  0  10 0  0  -1 0  0  0  0  0  0  0  0  0  0  0  0  0  0  0  0  0  0  0  0  0  0  -6 -2 0  0  0  0  0  0  0  0  0  0  0  0  0  0  0  15 15 15 0  0  0  0  0  0  0  0  0  99 99 99 99
9  0  0  1  2  2  4  4  4  17 0  0  -1 -1 16 4  4  4  4  17 0  0  0  16 4  4  9  0  0  0  0  0  0  0  -1 0  0  -1 0  0  0  0  9  -9 -9 99 0  0  0  0  0  0  0  0  12 13 13 13 13 99 0  0  10 0  0  10 0  0  10 0  0  10 0  0  11 0  0  0  0  0  0  0  0  0  0  0  0  0  0  0  0  0  0  0  0  0  0  99 99 99 99 99 99 99 99 99 99 99 99 99 99 99 99 99 99 99 99 99 99 99 99 99 99 99 99 99 99 0  0  99
9  0  0  5  6  6  6  6  6  7  0  0  6  6  6  6  6  6  6  7  0  0  0  5  6  6  9  0  0  0  0  0  0  0  18 0  0  18 0  0  0  0  9  -9 -9 99 0  0  0  0  0  0  -1 0  99 99 99 99 99 99 0  0  10 0  0  10 0  0  10 0  0  10 0  0  10 0  0  0  0  0  0  0  0  0  0  0  0  0  0  0  0  0  0  0  0  0  0  99 99 99 -9 -9 -9 -9 -9 -9 -9 -9 -9 -9 -9 -9 -9 -9 -9 -9 -9 -9 -9 -9 -9 -9 -9 -9 -9 -9 99 0  0  99
9  0  0  0  0  0  0  0  0  0  0  0  0  0  0  0  0  0  0  0  0  0  0  0  0  0  9  0  0  0  0  0  0  0  0  0  0  0  0  0  0  0  9  -9 -9 99 0  0  0  0  0  0  18 0  0  0  0  0  0  99 0  0  10 0  0  10 0  0  10 0  0  10 0  0  10 0  0  -1 0  0  0  0  0  0  0  0  -1 0  0  -1 0  0  0  0  0  0  0  0  0  99 -9 -9 -9 -9 -9 -9 -9 -9 -9 -9 -9 -9 -9 -9 -9 -9 -9 -9 -9 -9 -9 -9 -9 -9 -9 -9 99 0  0  99
9  0  0  0  0  0  0  0  0  0  -1 -1 -1 -1 0  0  0  0  0  0  0  0  -1 -1 -1 -1 9  0  0  0  0  0  0  0  0  0  0  0  0  0  0  0  9  -9 -9 99 0  0  0  0  0  0  0  0  0  0  0  0  0  99 0  0  10 0  0  10 0  0  10 0  0  10 0  0  10 0  0  11 0  0  0  0  0  -1 0  0  11 0  0  11 0  0  0  0  0  -1 0  0  0  99 -9 -9 -9 -9 -9 -9 -9 -9 -9 -9 -9 -9 -9 -9 -9 -9 -9 -9 -9 -9 -9 -9 -9 -9 -9 -9 99 0  0  99
9  0  0  0  0  0  0  0  0  0  12 13 13 14 0  0  0  0  0  0  0  0  1  2  2  2  9  0  0  0  0  12 13 13 13 13 13 14 0  0  0  0  9  -9 -9 99 15 -1 0  0  -1 -1 0  0  0  0  0  0  0  99 0  0  10 0  0  10 0  0  10 0  0  10 0  0  10 0  0  10 0  0  0  0  0  11 0  0  10 0  0  10 0  0  0  0  0  11 0  0  0  99 -9 -9 -9 99 99 99 99 99 99 99 99 99 99 99 99 99 99 99 99 99 99 99 99 99 99 99 99 0  0  99
9  14 0  0  0  0  0  0  0  0  0  0  0  0  0  0  0  0  -1 -1 -1 -1 16 4  4  4  9  0  0  0  0  0  0  0  0  0  0  0  0  0  0  0  9  -9 -9 99 13 13 13 13 13 14 0  0  0  0  0  0  0  99 0  0  10 0  0  10 0  0  10 0  0  10 0  0  10 0  0  10 0  0  0  0  0  10 0  0  10 0  0  10 0  0  0  0  0  10 0  0  0  99 -9 -9 -9 99 99 99 99 99 99 99 99 99 99 99 99 99 99 99 99 99 99 99 99 99 99 99 99 0  0  99
9  0  0  0  0  0  0  0  0  0  0  0  0  0  0  0  0  0  1  2  2  2  16 4  4  4  9  9  9  9  9  0  0  0  0  0  0  0  0  0  9  9  9  -9 -9 99 99 99 99 99 99 99 0  0  0  0  0  0  0  99 0  0  10 0  0  10 0  0  10 0  0  10 0  0  10 0  0  10 0  0  -1 0  0  10 0  0  10 0  0  10 0  0  -1 0  0  10 0  0  0  99 -9 -9 -9 99 0  0  0  0  0  0  0  0  0  0  0  0  0  0  0  0  0  0  0  0  0  0  0  0  0  99
9  0  0  0  0  0  0  -1 -1 -1 -1 -1 -1 0  0  0  0  0  16 4  4  4  4  4  4  4  9  0  0  0  0  -1 -1 0  0  0  0  0  0  0  9  0  9  -9 -9 99 0  0  0  0  0  0  0  0  0  0  0  0  0  99 0  0  10 0  0  10 0  0  10 0  0  10 0  0  10 0  0  10 0  0  11 0  0  10 0  0  10 0  0  10 0  0  11 0  0  10 0  0  0  99 -9 -9 -9 99 0  0  0  0  0  0  0  0  0  0  0  0  0  0  0  0  0  0  0  0  0  0  0  0  0  99
9  0  0  0  0  0  0  -1 -1 -1 -1 -1 -1 0  0  1  2  2  4  4  4  4  4  4  4  4  9  0  0  0  0  0  0  0  0  -1 -1 -1 0  0  0  0  9  -9 -9 99 0  0  0  0  0  0  0  0  0  0  0  0  0  99 0  0  10 0  0  10 0  0  10 0  0  10 0  0  10 0  0  10 0  0  10 0  0  10 0  0  10 0  0  10 0  0  10 0  0  10 0  0  0  99 -9 -9 -9 99 0  0  99 99 99 99 99 99 99 99 99 99 99 99 99 99 99 99 99 99 99 99 99 99 99 99
9  13 14 0  0  0  0  1  2  2  2  2  2  2  2  4  4  4  4  4  4  4  4  4  4  4  9  15 0  0  0  12 13 13 13 13 13 14 0  0  0  0  9  -9 -9 99 0  0  0  0  0  0  0  0  0  -1 -1 -1 15 99 0  0  10 0  0  10 0  0  10 0  0  10 0  0  10 0  0  10 0  0  10 0  0  10 0  0  10 0  0  10 0  0  10 0  0  10 0  0  0  99 -9 -9 -9 99 0  0  99 99 99 99 99 99 99 99 99 99 99 99 99 99 99 99 99 99 99 99 99 99 99 99
9  0  0  0  0  0  0  6  6  6  6  6  6  6  6  6  6  6  6  6  6  6  6  6  6  6  9  15 0  0  0  0  0  0  0  0  0  0  0  0  0  0  9  -9 -9 99 0  0  0  0  1  2  2  2  2  2  2  2  2  99 0  0  10 0  0  10 0  0  10 0  0  10 0  0  10 0  0  10 0  0  10 0  0  10 0  0  10 0  0  10 0  0  10 0  0  10 0  0  0  99 -9 -9 -9 99 0  0  99 99 -9 -9 -9 -9 -9 -9 -9 -9 -9 -9 -9 -9 -9 -9 -9 -9 -9 -9 -9 -9 -9 -9
9  0  0  0  0  0  0  0  0  0  0  0  0  0  0  0  0  0  0  0  0  0  0  0  0  0  9  9  9  9  0  0  0  0  0  0  0  0  0  9  9  9  9  -9 -9 99 0  0  0  0  99 99 99 99 99 99 99 99 99 99 0  0  10 0  0  10 0  0  10 0  0  10 0  0  10 0  0  10 0  0  10 0  0  10 0  0  10 0  0  10 0  0  10 0  0  10 0  0  0  99 -9 -9 -9 99 0  0  99 99 -9 -9 -9 -9 -9 -9 -9 -9 -9 -9 -9 -9 -9 -9 -9 -9 -9 -9 -9 -9 -9 -9
9  0  0  0  0  0  0  0  0  0  0  0  0  0  0  0  0  0  0  0  0  0  0  0  0  0  9  0  0  9  9  0  0  -1 -1 -1 0  0  0  0  0  0  9  -9 -9 99 0  0  0  0  0  0  0  0  0  0  0  0  0  99 0  0  10 0  0  10 0  0  10 0  0  10 0  0  10 0  0  10 0  0  10 0  0  10 0  0  10 0  0  10 0  0  10 0  0  10 0  0  0  99 -9 -9 -9 99 0  0  99 99 99 99 99 99 99 99 99 99 99 99 99 99 99 99 99 99 99 99 99 99 99 99
9  0  0  0  0  0  0  0  0  0  0  0  0  0  0  0  0  0  0  0  0  0  0  0  0  0  9  0  0  0  0  0  0  0  0  0  0  0  0  0  0  0  9  -9 -9 99 15 0  0  0  0  0  0  0  0  0  0  0  0  99 0  0  10 0  0  10 0  0  10 0  0  10 0  0  10 0  0  10 0  0  10 0  0  10 0  0  10 0  0  10 0  0  10 0  0  10 0  0  0  99 -9 -9 -9 99 0  0  99 99 99 99 99 99 99 99 99 99 99 99 99 99 99 99 99 99 99 99 99 99 99 99
9  2  13 14 0  0  0  0  0  0  0  0  0  0  0  0  0  0  0  0  0  0  0  0  0  0  9  0  0  0  0  12 13 13 13 13 14 0  0  0  0  0  9  -9 -9 99 15 15 0  0  0  0  0  0  0  0  0  0  0  99 0  0  10 0  0  10 0  0  10 0  0  10 0  0  10 0  0  10 0  0  10 0  0  10 0  0  10 0  0  10 0  0  10 0  0  10 0  0  0  99 -9 -9 -9 99 0  0  0  0  0  0  0  0  0  0  0  0  0  0  0  0  0  0  0  0  0  0  0  0  0  99
9  99 0  0  0  0  0  0  0  0  15 0  0  0  0  0  0  0  99 0  0  0  0  0  0  0  9  9  9  9  0  0  0  0  0  0  0  0  9  9  9  9  9  -9 -9 99 15 15 15 0  0  0  0  0  0  0  0  0  0  99 0  0  10 0  0  10 0  0  10 0  0  10 0  0  10 0  0  10 0  0  10 0  0  10 0  0  10 0  0  10 0  0  10 0  0  10 0  0  0  99 -9 -9 -9 99 0  0  0  0  0  0  0  0  0  0  0  0  0  0  0  0  0  0  0  0  0  0  0  0  0  99
8  99 0  0  0  0  0  0  0  0  15 15 0  0  0  0  0  0  99 15 15 0  0  0  0  0  0  0  0  0  0  0  0  0  0  0  0  0  0  0  0  0  9  -9 -9 99 99 99 99 99 0  0  0  0  0  0  0  0  0  99 0  0  10 0  0  10 0  0  10 0  0  10 0  0  10 0  0  10 0  0  10 0  0  10 0  0  10 0  0  10 0  0  10 0  0  10 0  0  0  99 -9 -9 -9 99 15 15 0  0  0  0  0  0  0  0  0  0  0  0  0  0  0  0  0  0  0  0  0  0  0  99
8  99 -5 -5 -5 -5 -5 -5 -5 -5 99 99 -5 -5 -5 -5 -5 -5 99 15 15 0  0  0  0  0  0  0  0  0  0  0  0  0  0  0  0  0  0  0  0  15 9  -9 -9 99 0  0  0  0  0  0  0  0  -2 0  0  0  0  99 0  0  10 0  0  10 0  0  10 0  0  10 0  0  10 0  0  10 0  0  10 0  0  10 0  0  10 0  0  10 0  0  10 0  0  10 0  0  0  99 -9 -9 -9 99 99 99 99 99 99 99 99 99 99 0  99 99 99 99 99 99 99 99 99 99 99 99 99 99 99 99
99 99 99 99 99 99 99 99 99 99 99 99 99 99 99 99 99 99 99 99 99 99 99 99 99 99 99 99 99 99 99 99 99 99 99 99 99 99 99 99 99 99 99 -9 -9 99 99 99 99 99 99 99 99 99 99 99 99 0  0  99 0  0  10 0  0  10 0  0  10 0  0  10 0  0  10 0  0  10 0  0  10 0  0  10 0  0  10 0  0  10 0  0  10 0  0  10 0  0  0  99 99 99 99 99 99 99 99 99 99 99 99 99 99 0  99 99 99 99 99 99 99 99 99 99 99 99 99 99 99 99
99 0  0  0  0  0  0  0  0  0  0  0  0  0  0  0  0  0  0  0  0  0  0  0  0  0  0  0  0  0  0  0  0  0  0  0  0  0  0  0  0  99 99 -9 -9 99 0  0  0  0  0  0  0  0  0  0  0  0  0  99 0  0  10 0  0  10 0  0  10 0  0  10 0  0  10 0  0  10 0  0  10 0  0  10 0  0  10 0  0  10 0  0  10 0  0  10 0  0  0  99 0  0  0  0  0  0  0  0  0  0  0  0  0  0  0  0  0  0  0  0  0  0  0  0  0  0  0  0  99 99
99 0  0  0  0  0  0  0  0  0  0  0  0  0  0  0  0  0  0  0  0  0  0  0  0  -1 0  0  0  0  0  0  0  0  0  0  0  0  0  0  0  99 99 -9 -9 99 0  0  0  0  0  0  0  0  0  0  0  0  0  99 0  0  10 0  0  10 0  0  10 0  0  10 0  0  10 0  0  10 0  0  10 0  0  10 0  0  10 0  0  10 0  0  10 0  0  10 0  0  0  99 0  0  0  0  0  0  0  0  0  0  0  0  0  0  0  0  0  0  0  0  0  0  0  0  0  0  0  0  99 99
99 0  0  0  0  0  0  0  0  0  0  0  0  0  0  0  0  0  0  0  0  0  0  0  -1 15 -1 0  0  0  0  0  0  0  0  0  0  0  0  0  18 99 99 -9 -9 99 0  0  0  0  0  0  0  0  0  0  0  -1 -1 99 0  0  10 0  0  10 0  0  10 0  0  10 0  0  10 0  0  10 0  0  10 0  0  10 0  0  10 0  0  10 0  0  10 0  0  10 0  0  0  99 0  0  0  0  0  0  0  0  0  0  0  0  0  99 0  0  0  0  99 0  0  0  0  99 0  0  0  0  99 99
99 0  0  0  0  0  0  0  0  0  0  0  0  0  0  0  0  0  0  0  0  0  0  0  15 15 15 0  0  0  0  0  0  0  0  0  0  0  0  18 0  99 99 -9 -9 99 0  0  0  0  0  -1 -1 0  0  -1 0  12 14 99 0  0  10 0  0  10 0  0  10 0  0  10 0  0  10 0  0  10 0  0  10 0  0  10 0  0  10 0  0  10 0  0  10 0  0  10 0  0  0  99 99 0  0  0  0  0  99 0  0  0  0  0  0  0  0  0  0  0  0  0  0  0  0  0  0  0  0  0  99 99
99 0  0  0  0  0  -2  0  0  0  0  0  0  -1 -1 0  0  0  0  0  0  0  0  1  2  2  2  3  0  0  0  0  0  0  0  0  0  0  0  0  0  99 99 -9 -9 99 0  0  0  0  0  12 14 0  0  18 0  0  0  99 0  0  10 0  0  10 0  0  10 0  0  10 0  0  10 0  0  10 0  0  10 0  0  10 0  0  10 0  0  10 0  0  10 0  0  10 0  0  0  99 0  0  0  0  0  0  0  0  0  0  0  0  0  0  0  0  0  0  0  0  0  0  0  0  0  0  0  0  99 99
99 0  0  0  0  1  3  0  0  0  0  0  -1 -1 -1 -1 0  0  0  1  2  2  2  4  4  4  4  17 0  0  0  0  -1 -1 -1 -1 -1 0  0  0  0  99 99 -9 -9 99 0  0  0  0  -1 0  0  0  0  0  0  0  0  99 0  0  10 0  0  10 0  0  10 0  0  10 0  0  10 0  0  10 0  0  10 0  0  10 0  0  10 0  0  10 0  0  10 0  0  10 0  0  0  99 0  0  0  0  0  0  0  0  0  0  0  0  0  0  0  0  0  0  0  0  0  0  0  0  0  0  0  0  99 99
99 0  0  0  0  16 4  3  0  0  0  -1 -1 -1 -1 -1 -1 0  0  16 4  4  4  4  4  4  4  4  2  2  3  8  0  0  0  0  0  12 13 13 13 99 99 -9 -9 99 0  0  0  0  18 0  0  0  0  0  0  0  0  99 0  0  10 0  0  10 0  0  10 0  0  10 0  0  10 0  0  10 0  0  10 0  0  10 0  0  10 0  0  10 0  0  10 0  0  10 0  0  0  99 0  0  0  0  0  0  0  0  0  0  0  0  0  0  0  0  0  0  0  0  0  0  0  0  0  99 0  0  99 99
99 0  0  0  0  16 4  4  3  0  -1 -1 -1 -1 -1 -1 -1 -1 0  16 4  4  4  4  4  4  4  4  4  4  17 8  0  0  0  0  0  0  0  0  0  99 99 -9 -9 99 0  0  -1 0  0  0  0  0  0  0  0  0  0  99 0  0  10 0  0  10 0  0  10 0  0  10 0  0  10 0  0  10 0  0  10 0  0  10 0  0  10 0  0  10 0  0  10 0  0  10 0  0  0  99 15 0  0 15  0  0  0  0  0  0  99 0  0  0  0  0  0  0  0  0  0  0  0  0  0  0  0  0  99 99
99 0  0  0  0  16 4  4  4  2  2  2  2  2  2  2  2  2  2  4  4  4  4  4  4  4  4  4  4  4  4  2  2  2  2  2  3  0  0  0  0  99 99 -9 -9 99 0  0  18 0  0  0  0  0  0  0  0  0  0  99 0  0  10 0  0  10 0  0  10 0  0  10 0  0  10 0  0  10 0  0  10 0  0  10 0  0  10 0  0  10 0  0  10 0  0  10 0  0  0  99 99 99 99 99 99 99 99 99 0  0  0  0  0  0  0  0  0  0  0  0  0  0  0  0  0  0  0  0  99 99
99 0  0  0  0  5  6  6  6  6  6  6  6  6  6  6  6  6  6  6  6  6  6  6  6  6  6  6  6  6  6  6  6  6  6  6  7  0  0  0  0  99 99 -9 -9 99 0  0  0  0  0  0  0  0  0  0  0  0  0  99 0  0  10 0  0  10 0  0  10 0  0  10 0  0  10 0  0  10 0  0  10 0  0  10 0  0  10 0  0  10 0  0  10 0  0  10 0  0  0  99 0  0  0  0  0  0  0  99 0  0  0  0  0  0  0  0  0  0  0  0  0  0  0  0  0  0  0  0  99 99
99 -1 0  0  0  0  0  0  0  0  0  0  0  0  0  0  0  0  0  0  0  0  0  0  0  0  0  0  0  0  0  0  0  0  0  0  0  0  0  0  0  99 99 -9 -9 99 0  0  0  0  0  0  -1 0  0  0  0  0  0  99 0  0  10 0  0  10 0  0  10 0  0  10 0  0  10 0  0  10 0  0  10 0  0  10 0  0  10 0  0  10 0  0  10 0  0  10 0  0  0  99 0  0  0  0  0  0  0  99 0  0  0  0  0  0  0  0  0  0  0  0  0  0  0  0  0  0  0  0  99 99
99 14 0  0  0  0  0  0  0  0  0  0  0  0  0  0  0  0  0  0  0  0  0  0  0  0  0  0  0  0  0  0  0  0  0  0  0  0  0  0  0  99 99 -9 -9 99 0  -6 0  0  -1 0  18 0  0  0  0  0  0  99 0  0  10 0  0  10 0  0  10 0  0  10 0  0  10 0  0  10 0  0  10 0  0  10 0  0  10 0  0  10 0  0  10 0  0  10 0  0  0  99 0  0  0  0  0  0  0  99 15 0  15 0  0  0  0  0  0  0  15 0  0  0  0  0  0  0  0  15 99 99
99 0  0  0  0  0  0  0  0  0  0  0  0  -1 0  0  0  0  0  0  0  0  -1 0  0  0  0  0  0  0  0  0  0  0  0  0  0  0  0  0  0  99 99 -9 -9 99 99 99 0  0  18 0  0  -1 0  0  0  0  0  99 0  0  10 0  0  10 0  0  10 0  0  10 0  0  10 0  0  10 0  0  10 0  0  10 0  0  10 0  0  10 0  0  10 0  0  10 0  0  0  99 0  0  0  0  99 99 99 99 99 99 99 99 99 99 99 99 99 99 99 99 99 99 99 99 99 99 99 99 99 99
99 0  0  0  0  0  0  0  0  0  0  0  0  1  -1 0  0  0  0  0  0  -1 3  0  0  0  0  0  0  0  0  0  0  0  0  0  0  0  0  0  0  99 99 -9 -9 99 0  0  0  0  0  0  0  18 0  -1 0  0  0  99 0  0  10 0  0  10 0  0  10 0  0  10 0  0  10 0  0  10 0  0  10 0  0  10 0  0  10 0  0  10 0  0  10 0  0  10 0  0  0  99 0  0  0  99 99 0  0  0  0  0  0  0  0  0  0  0  0  0  0  0  0  0  0  0  0  0  0  0  0  0
99 -1 -1 0  0  0  0  0  0  0  0  0  0  16 3  -1 0  0  0  0  -1 1  17 0  0  0  0  0  0  0  0  0  0  0  0  0  0  0  0  0  0  99 99 -9 -9 99 0  0  0  0  0  0  0  0  0  18 0  0  0  99 0  0  10 0  0  10 0  0  10 0  0  10 0  0  10 0  0  10 0  0  10 0  0  10 0  0  10 0  0  10 0  0  10 0  0  10 0  0  0  99 0  0  99 99 0  0  0  0  0  0  0  0  0  0  0  0  0  0  0  0  0  0  0  0  0  0  0  0  0  0
99 13 14 0  0  0  0  0  0  0  0  0  0  16 4  3  -1 0  0  -1 1  4  17 0  0  0  0  0  0  0  0  0  0  0  0  0  0  0  0  0  0  99 99 99 99 99 0  0  0  0  0  0  0  0  0  0  0  0  0  99 0  0  10 0  0  10 0  0  10 0  0  10 0  0  10 0  0  10 0  0  10 0  0  10 0  0  10 0  0  10 0  0  10 0  0  10 0  0  0  99 0  0  0  0  0  0  0  0  0  0  0  0  0  0  0  0  0  0  0  0  0  0  0  0  0  0  0  0  0  0
99 0  0  0  0  0  0  0  0  0  0  0  0  16 4  4  3  -1 -1 1  4  4  17 0  -1 -1 -1 0  0  0  0  0  0  0  0  0  0  0  0  0  0  0  0  0  0  0  0  0  0  0  0  0  0  0  0  0  0  0  -1 99 0  0  10 0  0  10 0  0  10 0  0  10 0  0  10 0  0  10 0  0  10 0  0  10 0  0  10 0  0  10 0  0  10 0  0  10 0  0  0  99 15 0  0  0  0  0  -2 0  0  0  0  0  0  0  0  0  0  0  0  0  0  0  0  0  0  0  0  0  0  0
99 0  0  0  0  0  0  0  0  0  0  0  15 16 4  4  4  2  2  4  4  4  4  15 -1 -1 -1 0  0  0  0  0  0  0  0  0  0  0  0  0  0  0  0  0  0  0  0  -1 0  0  -1 0  0  -1 0  0  0  0  15 99 0  0  10 0  0  10 0  0  10 0  0  10 0  0  10 0  0  10 0  0  10 0  0  10 0  0  10 0  0  10 0  0  10 0  0  10 0  0  0  99 99 99 99 99 99 99 99 0  0  0  0  0  0  0  0  0  0  0  0  0  0  0  0  0  0  0  0  0  0  0
99 0  0  -1 -1 -1 -1 -1 -1 -1 -1 -1 15 4  4  4  4  4  4  4  4  4  4  15 0  0  0  0  0  0  -1 -1 -1 -1 0  0  0  0  -1 -1 -1 0  0  -1 0  -1 0  18 0  0  18 0  0  18 0  0  0  99 99 99 0  0  10 0  0  10 0  0  10 0  0  10 0  0  10 0  0  10 0  0  10 0  0  10 0  0  10 0  0  10 0  0  10 0  0  10 0  0  0  99 99 99 99 99 99 99 99 -5 -5 -5 -5 -5 -5 -5 -5 -5 -5 -5 -5 -5 -5 -5 -5 -5 -5 -5 -5 -5 -5 -5
99 2  2  2  2  2  2  2  2  2  2  2  2  4  4  4  4  4  4  4  4  4  4  2  2  2  2  2  2  2  2  2  2  2  2  3  0  0  12 13 14 0  0  18 0  18 0  0  0  0  0  0  0  0  0  0  0  0  0  99 0  0  10 0  0  10 0  0  10 0  0  10 0  0  10 0  0  10 0  0  10 0  0  10 0  0  10 0  0  10 0  0  10 0  0  10 0  0  0  99 99 99 99 99 99 99 99 -4 -4 -4 -4 -4 -4 -4 -4 -4 -4 -4 -4 -4 -4 -4 -4 -4 -4 -4 -4 -4 -4 -4
99 99 99 99 99 99 99 99 99 99 99 99 99 99 99 99 99 99 99 99 99 99 99 99 99 99 99 99 99 99 99 99 99 99 99 99 -5 -5 -5 -5 -5 -5 -5 -5 -5 -5 -5 -5 -5 -5 -5 -5 -5 -5 -5 -5 -5 -5 -5 99 -5 -5 99 -5 -5 99 -5 -5 99 -5 -5 99 -5 -5 99 -5 -5 99 -5 -5 99 -5 -5 99 -5 -5 99 -5 -5 99 -5 -5 99 -5 -5 99 -5 -5 -5 99 99 99 99 99 99 99 99 -4 -4 -4 -4 -4 -4 -4 -4 -4 -4 -4 -4 -4 -4 -4 -4 -4 -4 -4 -4 -4 -4 -4